	34227000	241519005	42803009	169237004	11285004	395133005	410450009	252585004	252603000	419578003	241547009	33367005	424525001	241572009	418129007	265155008	170896008	84100007	225342001	10563004	26189003	27466009	0	6143009	34213005	385858000	307007002	442261001	62868009	56801004	257883005	33389009	410291009	313204009	182922004	409066002	387854002	15822000	170516003	370831003	271454007	53923005	405784000	36870006	241195005	440464002	425058005	29893006	21126008	32554000	301786007	252543003	82808001	128968000	429283006	439868004	431698006	74923002	11397000	290050007	361235007	44383000	182836005
34227000	0	3	2	1	3	6	3	6	6	3	3	3	6	3	3	3	5	5	5	5	3	4		5	5	5	3	3	8	4	5	5	5	5	5	5	7	3	5	5	5	5	5	3	2	3	4	4	4	4	5	5	5	5	4	3	3	5	3	6	5	5	5
241519005	3	0	3	3	3	6	3	6	6	3	3	3	6	3	3	2	4	4	4	4	2	4		4	4	5	3	2	8	4	4	5	4	4	4	4	7	3	4	4	4	4	4	4	2	3	3	4	3	3	4	5	4	4	3	3	2	4	3	6	5	4	4
42803009	2	3	0	2	2	6	2	6	6	4	3	3	6	4	4	2	3	2	2	2	3	4		3	3	5	3	2	8	3	2	5	3	2	3	2	7	2	3	4	3	3	3	4	2	4	2	4	4	4	2	5	1	4	2	3	1	2	2	6	5	4	4
169237004	1	3	2	0	3	6	3	6	6	4	3	3	6	4	4	2	4	4	4	4	3	4		4	4	5	3	2	8	4	4	5	4	4	4	4	7	3	4	4	4	4	4	2	2	3	3	4	4	4	4	5	4	4	3	3	2	4	2	6	5	4	4
11285004	3	3	2	3	0	7	3	6	6	4	3	3	6	4	4	2	4	4	4	4	3	2		4	4	5	3	3	8	4	4	4	4	4	4	4	7	3	4	4	4	4	4	4	3	4	3	5	4	4	4	6	4	5	3	3	3	4	3	6	5	4	4
395133005	6	6	6	6	7	0	6	6	6	6	6	6	8	6	6	7	8	7	6	6	7	7		7	7	8	7	7	8	7	7	7	7	7	8	7	8	8	8	7	8	6	7	6	6	6	6	6	6	7	6	4	6	5	7	7	6	7	7	8	8	7	7
410450009	3	3	2	3	3	6	0	6	6	4	3	3	6	4	4	3	3	3	3	3	2	4		3	3	5	3	2	8	3	3	5	3	3	3	3	7	2	3	4	3	3	3	4	3	4	3	4	3	3	3	5	2	4	3	3	2	3	3	6	5	4	4
252585004	6	6	6	6	6	6	6	0	2	6	6	6	8	6	6	6	8	7	6	6	7	7		7	7	8	7	7	8	7	7	7	7	7	8	7	8	7	8	7	8	6	7	6	6	6	6	6	6	7	6	6	6	6	7	7	6	7	7	8	8	7	7
252603000	6	6	6	6	6	6	6	2	0	6	6	6	8	6	6	6	8	7	6	6	7	7		7	7	8	7	7	8	7	7	7	7	7	8	7	8	7	8	7	8	6	7	6	6	6	6	6	6	7	6	6	6	6	7	7	6	7	7	8	8	7	7
419578003	3	3	4	4	4	6	4	6	6	0	2	2	6	3	2	4	6	6	5	5	4	4		6	6	6	4	4	8	4	6	6	6	6	6	6	7	4	6	6	6	5	6	4	3	2	5	4	4	4	5	5	5	5	5	4	3	6	4	6	6	6	6
241547009	3	3	3	3	3	6	3	6	6	2	0	2	6	3	3	3	5	5	5	5	3	4		5	5	5	3	3	8	4	5	5	5	5	5	5	7	3	5	5	5	5	5	4	3	3	4	4	3	3	5	5	5	5	3	3	3	5	3	6	5	5	5
33367005	3	3	3	3	3	6	3	6	6	2	2	0	6	4	2	3	4	4	4	4	3	4		4	4	5	3	2	8	4	4	5	4	4	4	4	7	3	4	4	4	4	4	4	3	2	3	4	3	3	4	5	4	4	2	3	2	4	3	6	5	4	4
424525001	6	6	6	6	6	8	6	8	8	6	6	6	0	6	6	6	5	6	6	6	6	6		6	4	3	6	6	6	6	6	6	6	6	5	6	5	6	6	6	6	6	6	6	6	6	6	6	6	6	6	7	5	6	6	6	6	6	6	5	6	6	6
241572009	3	3	4	4	4	6	4	6	6	3	3	4	6	0	3	4	5	5	5	5	4	4		5	5	5	4	4	8	4	5	5	5	5	5	5	7	4	5	5	5	5	5	4	3	3	4	4	4	4	5	5	5	5	4	4	3	5	4	6	5	5	5
418129007	3	3	4	4	4	6	4	6	6	2	3	2	6	3	0	4	5	5	5	5	4	4		5	5	5	4	3	8	4	5	5	5	5	5	5	7	4	5	5	5	5	5	4	3	1	4	4	3	4	5	5	5	5	3	3	2	5	4	6	5	5	5
265155008	3	2	2	2	2	7	3	6	6	4	3	3	6	4	4	0	3	2	2	3	2	4		3	3	5	3	2	8	4	2	5	3	2	3	2	7	3	3	4	3	4	3	4	2	4	2	5	3	2	2	6	2	5	2	3	2	2	2	6	5	4	4
170896008	5	4	3	4	4	8	3	8	8	6	5	4	5	5	5	3	0	3	3	4	4	5		4	3	4	4	3	7	4	3	6	3	3	2	3	6	3	3	5	3	4	3	6	4	5	3	6	5	5	3	7	2	6	3	4	3	3	4	5	5	5	4
84100007	5	4	2	4	4	7	3	7	7	6	5	4	6	5	5	2	3	0	2	3	4	5		3	3	5	4	2	8	4	2	5	3	2	3	2	7	3	3	4	3	4	3	6	4	5	2	5	5	5	2	6	2	5	2	3	2	2	4	6	5	4	4
225342001	5	4	2	4	4	6	3	6	6	5	5	4	6	5	5	2	3	2	0	2	4	5		3	3	5	4	2	8	4	2	5	3	2	3	2	7	3	3	4	3	3	3	5	4	5	2	4	5	5	1	5	2	4	2	3	2	2	4	6	5	4	4
10563004	5	4	2	4	4	6	3	6	6	5	5	4	6	5	5	3	4	3	2	0	4	5		3	3	5	4	3	8	4	3	5	3	3	4	3	7	4	4	4	4	3	3	5	4	5	2	4	5	5	2	5	2	4	3	3	2	3	4	6	5	4	4
26189003	3	2	3	3	3	7	2	7	7	4	3	3	6	4	4	2	4	4	4	4	0	4		4	3	5	3	2	8	2	4	4	4	4	4	4	7	3	4	4	4	4	4	4	2	3	3	5	3	3	4	6	4	5	3	3	2	4	3	6	5	4	4
27466009	4	4	4	4	2	7	4	7	7	4	4	4	6	4	4	4	5	5	5	5	4	0		5	5	5	4	4	8	4	5	4	5	5	5	5	7	4	5	5	5	5	5	4	4	4	4	5	4	4	5	6	5	5	4	4	4	5	4	6	5	5	5
0																							0																																								
6143009	5	4	3	4	4	7	3	7	7	6	5	4	6	5	5	3	4	3	3	3	4	5		0	3	5	4	3	8	4	3	5	2	2	4	2	7	4	4	4	4	4	3	6	4	5	3	5	5	5	3	6	3	5	3	3	3	3	4	6	5	4	4
34213005	5	4	3	4	4	7	3	7	7	6	5	4	4	5	5	3	3	3	3	3	3	5		3	0	3	4	3	4	4	3	5	3	3	3	3	3	3	3	4	3	4	3	6	4	5	2	5	5	5	2	6	3	5	3	3	3	3	4	4	4	4	4
385858000	5	5	5	5	5	8	5	8	8	6	5	5	3	5	5	5	4	5	5	5	5	5		5	3	0	5	5	6	5	5	6	5	5	4	5	5	5	5	5	5	5	5	6	5	5	5	6	5	5	5	7	4	6	5	5	5	5	5	5	5	5	5
307007002	3	3	3	3	3	7	3	7	7	4	3	3	6	4	4	3	4	4	4	4	3	4		4	4	5	0	3	8	3	4	5	4	4	4	4	7	3	4	4	4	4	4	4	3	4	3	4	3	3	4	6	4	5	3	3	3	4	3	6	5	4	4
442261001	3	2	2	2	3	7	2	7	7	4	3	2	6	4	3	2	3	2	2	3	2	4		3	3	5	3	0	8	3	2	5	3	2	3	2	7	2	3	4	3	4	3	4	2	3	2	5	2	3	2	6	2	5	2	3	1	2	2	6	5	4	4
62868009	8	8	8	8	8	8	8	8	8	8	8	8	6	8	8	8	7	8	8	8	8	8		8	4	6	8	8	0	8	8	8	8	8	7	8	3	8	8	8	8	8	8	8	8	8	8	8	8	8	8	8	7	8	8	8	8	8	8	4	8	8	8
56801004	4	4	3	4	4	7	3	7	7	4	4	4	6	4	4	4	4	4	4	4	2	4		4	4	5	3	3	8	0	4	5	4	4	4	4	7	3	4	4	4	4	4	4	4	4	4	5	4	4	4	6	3	5	4	4	3	4	4	6	5	4	4
257883005	5	4	2	4	4	7	3	7	7	6	5	4	6	5	5	2	3	2	2	3	4	5		3	3	5	4	2	8	4	0	5	3	2	3	2	7	3	3	4	3	4	3	6	4	5	2	5	5	5	2	6	2	5	1	3	2	1	4	6	5	4	4
33389009	5	5	5	5	4	7	5	7	7	6	5	5	6	5	5	5	6	5	5	5	4	4		5	5	6	5	5	8	5	5	0	5	5	6	5	7	6	6	5	6	5	5	6	5	5	5	5	5	5	5	6	5	5	5	5	5	5	1	6	6	5	5
410291009	5	4	3	4	4	7	3	7	7	6	5	4	6	5	5	3	3	3	3	3	4	5		2	3	5	4	3	8	4	3	5	0	2	3	1	7	3	3	4	3	4	2	6	4	5	3	5	5	5	3	6	2	5	3	3	3	3	4	6	5	4	3
313204009	5	4	2	4	4	7	3	7	7	6	5	4	6	5	5	2	3	2	2	3	4	5		2	3	5	4	2	8	4	2	5	2	0	3	1	7	3	3	4	3	4	3	6	4	5	2	5	5	5	2	6	2	5	2	3	2	2	4	6	5	4	4
182922004	5	4	3	4	4	8	3	8	8	6	5	4	5	5	5	3	2	3	3	4	4	5		4	3	4	4	3	7	4	3	6	3	3	0	3	6	3	3	5	3	4	3	6	4	5	3	6	5	5	3	7	2	6	3	4	3	3	4	5	5	5	4
409066002	5	4	2	4	4	7	3	7	7	6	5	4	6	5	5	2	3	2	2	3	4	5		2	3	5	4	2	8	4	2	5	1	1	3	0	7	3	3	4	3	4	3	6	4	5	2	5	5	5	2	6	2	5	2	3	2	2	4	6	5	4	4
387854002	7	7	7	7	7	8	7	8	8	7	7	7	5	7	7	7	6	7	7	7	7	7		7	3	5	7	7	3	7	7	7	7	7	6	7	0	7	7	7	7	7	7	7	7	7	7	7	7	7	7	7	6	7	7	7	7	7	7	4	7	7	7
15822000	3	3	2	3	3	8	2	7	7	4	3	3	6	4	4	3	3	3	3	4	3	4		4	3	5	3	2	8	3	3	6	3	3	3	3	7	0	3	5	3	4	3	4	3	4	3	6	4	4	3	7	2	6	3	4	2	3	3	6	5	5	4
170516003	5	4	3	4	4	8	3	8	8	6	5	4	6	5	5	3	3	3	3	4	4	5		4	3	5	4	3	8	4	3	6	3	3	3	3	7	3	0	5	2	4	3	6	4	5	3	6	5	5	3	7	3	6	3	4	3	3	4	6	5	5	4
370831003	5	4	4	4	4	7	4	7	7	6	5	4	6	5	5	4	5	4	4	4	4	5		4	4	5	4	4	8	4	4	5	4	4	5	4	7	5	5	0	5	4	3	6	4	5	4	5	5	5	4	6	4	5	4	4	4	4	4	5	5	3	3
271454007	5	4	3	4	4	8	3	8	8	6	5	4	6	5	5	3	3	3	3	4	4	5		4	3	5	4	3	8	4	3	6	3	3	3	3	7	3	2	5	0	4	3	6	4	5	3	6	5	5	3	7	3	6	3	4	3	3	4	6	5	5	4
53923005	5	4	3	4	4	6	3	6	6	5	5	4	6	5	5	4	4	4	3	3	4	5		4	4	5	4	4	8	4	4	5	4	4	4	4	7	4	4	4	4	0	4	5	4	5	3	4	5	5	3	5	3	4	4	4	3	4	4	6	5	4	4
405784000	5	4	3	4	4	7	3	7	7	6	5	4	6	5	5	3	3	3	3	3	4	5		3	3	5	4	3	8	4	3	5	2	3	3	3	7	3	3	3	3	4	0	6	4	5	3	5	5	5	3	6	2	5	3	3	3	3	4	6	5	3	1
36870006	3	4	4	2	4	6	4	6	6	4	4	4	6	4	4	4	6	6	5	5	4	4		6	6	6	4	4	8	4	6	6	6	6	6	6	7	4	6	6	6	5	6	0	4	4	5	4	4	4	5	5	5	5	5	4	4	6	4	6	6	6	6
241195005	2	2	2	2	3	6	3	6	6	3	3	3	6	3	3	2	4	4	4	4	2	4		4	4	5	3	2	8	4	4	5	4	4	4	4	7	3	4	4	4	4	4	4	0	1	3	4	3	3	4	5	4	4	3	3	2	4	3	6	5	4	4
440464002	3	3	4	3	4	6	4	6	6	2	3	2	6	3	1	4	5	5	5	5	3	4		5	5	5	4	3	8	4	5	5	5	5	5	5	7	4	5	5	5	5	5	4	1	0	4	4	3	4	5	5	5	5	3	3	2	5	4	6	5	5	5
425058005	4	3	2	3	3	6	3	6	6	5	4	3	6	4	4	2	3	2	2	2	3	4		3	2	5	3	2	8	4	2	5	3	2	3	2	7	3	3	4	3	3	3	5	3	4	0	4	4	4	1	5	2	4	2	3	2	2	3	6	4	4	4
29893006	4	4	4	4	5	6	4	6	6	4	4	4	6	4	4	5	6	5	4	4	5	5		5	5	6	4	5	8	5	5	5	5	5	6	5	7	6	6	5	6	4	5	4	4	4	4	0	4	5	4	5	4	4	5	5	4	5	5	6	6	5	5
21126008	4	3	4	4	4	6	3	6	6	4	3	3	6	4	3	3	5	5	5	5	3	4		5	5	5	3	2	8	4	5	5	5	5	5	5	7	4	5	5	5	5	5	4	3	3	4	4	0	3	5	5	5	5	4	3	2	5	4	6	5	5	5
32554000	4	3	4	4	4	7	3	7	7	4	3	3	6	4	4	2	5	5	5	5	3	4		5	5	5	3	3	8	4	5	5	5	5	5	5	7	4	5	5	5	5	5	4	3	4	4	5	3	0	5	6	5	5	4	3	3	5	3	6	5	5	5
301786007	5	4	2	4	4	6	3	6	6	5	5	4	6	5	5	2	3	2	1	2	4	5		3	2	5	4	2	8	4	2	5	3	2	3	2	7	3	3	4	3	3	3	5	4	5	1	4	5	5	0	5	2	4	2	3	2	2	4	6	4	4	4
252543003	5	5	5	5	6	4	5	6	6	5	5	5	7	5	5	6	7	6	5	5	6	6		6	6	7	6	6	8	6	6	6	6	6	7	6	7	7	7	6	7	5	6	5	5	5	5	5	5	6	5	0	5	3	6	6	5	6	6	7	7	6	6
82808001	5	4	1	4	4	6	2	6	6	5	5	4	5	5	5	2	2	2	2	2	4	5		3	3	4	4	2	7	3	2	5	2	2	2	2	6	2	3	4	3	3	2	5	4	5	2	4	5	5	2	5	0	4	2	3	1	2	4	5	5	4	3
128968000	5	4	4	4	5	5	4	6	6	5	5	4	6	5	5	5	6	5	4	4	5	5		5	5	6	5	5	8	5	5	5	5	5	6	5	7	6	6	5	6	4	5	5	4	5	4	4	5	5	4	3	4	0	5	5	4	5	5	6	6	5	5
429283006	4	3	2	3	3	7	3	7	7	5	3	2	6	4	3	2	3	2	2	3	3	4		3	3	5	3	2	8	4	1	5	3	2	3	2	7	3	3	4	3	4	3	5	3	3	2	5	4	4	2	6	2	5	0	3	2	1	3	6	5	4	4
439868004	3	3	3	3	3	7	3	7	7	4	3	3	6	4	3	3	4	3	3	3	3	4		3	3	5	3	3	8	4	3	5	3	3	4	3	7	4	4	4	4	4	3	4	3	3	3	5	3	3	3	6	3	5	3	0	3	3	3	6	4	4	4
431698006	3	2	1	2	3	6	2	6	6	3	3	2	6	3	2	2	3	2	2	2	2	4		3	3	5	3	1	8	3	2	5	3	2	3	2	7	2	3	4	3	3	3	4	2	2	2	4	2	3	2	5	1	4	2	3	0	2	2	6	5	4	4
74923002	5	4	2	4	4	7	3	7	7	6	5	4	6	5	5	2	3	2	2	3	4	5		3	3	5	4	2	8	4	1	5	3	2	3	2	7	3	3	4	3	4	3	6	4	5	2	5	5	5	2	6	2	5	1	3	2	0	4	6	5	4	4
11397000	3	3	2	2	3	7	3	7	7	4	3	3	6	4	4	2	4	4	4	4	3	4		4	4	5	3	2	8	4	4	1	4	4	4	4	7	3	4	4	4	4	4	4	3	4	3	5	4	3	4	6	4	5	3	3	2	4	0	6	5	4	4
290050007	6	6	6	6	6	8	6	8	8	6	6	6	5	6	6	6	5	6	6	6	6	6		6	4	5	6	6	4	6	6	6	6	6	5	6	4	6	6	5	6	6	6	6	6	6	6	6	6	6	6	7	5	6	6	6	6	6	6	0	6	6	6
361235007	5	5	5	5	5	8	5	8	8	6	5	5	6	5	5	5	5	5	5	5	5	5		5	4	5	5	5	8	5	5	6	5	5	5	5	7	5	5	5	5	5	5	6	5	5	4	6	5	5	4	7	5	6	5	4	5	5	5	6	0	5	5
44383000	5	4	4	4	4	7	4	7	7	6	5	4	6	5	5	4	5	4	4	4	4	5		4	4	5	4	4	8	4	4	5	4	4	5	4	7	5	5	3	5	4	3	6	4	5	4	5	5	5	4	6	4	5	4	4	4	4	4	6	5	0	3
182836005	5	4	4	4	4	7	4	7	7	6	5	4	6	5	5	4	4	4	4	4	4	5		4	4	5	4	4	8	4	4	5	3	4	4	4	7	4	4	3	4	4	1	6	4	5	4	5	5	5	4	6	3	5	4	4	4	4	4	6	5	3	0
